# LATITUDE, OPTIMUM
0.000000000000000000e+00,7.672445637801661888e+00
1.000000000000000000e+00,7.672133638623243712e+00
2.000000000000000000e+00,7.671050835598736128e+00
3.000000000000000000e+00,7.669008971602691460e+00
4.000000000000000000e+00,7.665932842228616373e+00
5.000000000000000000e+00,7.661786301305289371e+00
6.000000000000000000e+00,7.656561575323693525e+00
7.000000000000000000e+00,7.650278316901431452e+00
8.000000000000000000e+00,7.642996757709624944e+00
9.000000000000000000e+00,7.634860419618640925e+00
1.000000000000000000e+01,7.625925836848236550e+00
1.100000000000000000e+01,7.616095556817787049e+00
1.200000000000000000e+01,7.605279530215970141e+00
1.300000000000000000e+01,7.593415348727702074e+00
1.400000000000000000e+01,7.580466202130916820e+00
1.500000000000000000e+01,7.566422582038154765e+00
1.600000000000000000e+01,7.551312857929063149e+00
1.700000000000000000e+01,7.535236190529628786e+00
1.800000000000000000e+01,7.518221818276013657e+00
1.900000000000000000e+01,7.500186226072098172e+00
2.000000000000000000e+01,7.481052616646713282e+00
2.100000000000000000e+01,7.460764573070620465e+00
2.200000000000000000e+01,7.439284333294388318e+00
2.300000000000000000e+01,7.416610937239444645e+00
2.400000000000000000e+01,7.392794564949664249e+00
2.500000000000000000e+01,7.367886142464250554e+00
2.600000000000000000e+01,7.341813514133546548e+00
2.700000000000000000e+01,7.314490637497343073e+00
2.800000000000000000e+01,7.285854462546446975e+00
2.900000000000000000e+01,7.255865119632595395e+00
3.000000000000000000e+01,7.224518547822927239e+00
3.100000000000000000e+01,7.191865337190429308e+00
3.200000000000000000e+01,7.157866884102458194e+00
3.300000000000000000e+01,7.122433774475984691e+00
3.400000000000000000e+01,7.085491082601746982e+00
3.500000000000000000e+01,7.046983252112954510e+00
3.600000000000000000e+01,7.006892463099148038e+00
3.700000000000000000e+01,6.965223613689310866e+00
3.800000000000000000e+01,6.921914976206653414e+00
3.900000000000000000e+01,6.876865777516819378e+00
4.000000000000000000e+01,6.829986351001609890e+00
4.100000000000000000e+01,6.781263879947016626e+00
4.200000000000000000e+01,6.730668221803070672e+00
4.300000000000000000e+01,6.678070754608953052e+00
4.400000000000000000e+01,6.623415193283110014e+00
4.500000000000000000e+01,6.566630187330955160e+00
4.600000000000000000e+01,6.507625387418537244e+00
4.700000000000000000e+01,6.446333401319392920e+00
4.800000000000000000e+01,6.382657054960187537e+00
4.900000000000000000e+01,6.316504617994285198e+00
5.000000000000000000e+01,6.247747963886637557e+00
5.100000000000000000e+01,6.176366566813993764e+00
5.200000000000000000e+01,6.102279005210125007e+00
5.300000000000000000e+01,6.025422533218579346e+00
5.400000000000000000e+01,5.945744766861451147e+00
5.500000000000000000e+01,5.862959505048924491e+00
5.600000000000000000e+01,5.777239622014021414e+00
5.700000000000000000e+01,5.688687437334412067e+00
5.800000000000000000e+01,5.597275843863657840e+00
5.900000000000000000e+01,5.503173568564707629e+00
6.000000000000000000e+01,5.406846328046508887e+00
