# LATITUDE, OPTIMUM
0.000000000000000000e+00,9.376744106786345512e+00
1.000000000000000000e+00,9.375969675054346197e+00
2.000000000000000000e+00,9.373295067863820051e+00
3.000000000000000000e+00,9.368253058405233702e+00
4.000000000000000000e+00,9.360648722378867248e+00
5.000000000000000000e+00,9.350392034684382736e+00
6.000000000000000000e+00,9.337466203519152685e+00
7.000000000000000000e+00,9.321923354202057865e+00
8.000000000000000000e+00,9.303912520399963526e+00
9.000000000000000000e+00,9.283775754562469729e+00
1.000000000000000000e+01,9.261681358723667046e+00
1.100000000000000000e+01,9.237462726722164064e+00
1.200000000000000000e+01,9.210958393886759410e+00
1.300000000000000000e+01,9.182061838932760622e+00
1.400000000000000000e+01,9.150721210441972175e+00
1.500000000000000000e+01,9.116944058460534350e+00
1.600000000000000000e+01,9.080824458761131979e+00
1.700000000000000000e+01,9.042613175643824164e+00
1.800000000000000000e+01,9.002422825725510336e+00
1.900000000000000000e+01,8.960138177637331225e+00
2.000000000000000000e+01,8.915656522905370807e+00
2.100000000000000000e+01,8.868915361844617706e+00
2.200000000000000000e+01,8.819888090574423245e+00
2.300000000000000000e+01,8.768631168252980501e+00
2.400000000000000000e+01,8.715306449317418824e+00
2.500000000000000000e+01,8.660089674002586335e+00
2.600000000000000000e+01,8.602920346799587392e+00
2.700000000000000000e+01,8.543708818560640239e+00
2.800000000000000000e+01,8.482412865152106463e+00
2.900000000000000000e+01,8.419034177200714453e+00
3.000000000000000000e+01,8.353648375945244453e+00
3.100000000000000000e+01,8.286446330716406905e+00
3.200000000000000000e+01,8.217466733526086031e+00
3.300000000000000000e+01,8.146660646623081092e+00
3.400000000000000000e+01,8.074000651908839643e+00
3.500000000000000000e+01,7.999484881854154850e+00
3.600000000000000000e+01,7.923185652035408921e+00
3.700000000000000000e+01,7.845245665066953755e+00
3.800000000000000000e+01,7.765717855375751988e+00
3.900000000000000000e+01,7.684566934412201178e+00
4.000000000000000000e+01,7.601767112120009884e+00
4.100000000000000000e+01,7.517453769816791365e+00
4.200000000000000000e+01,7.431750350381269854e+00
4.300000000000000000e+01,7.344614696946945465e+00
4.400000000000000000e+01,7.256138665698960821e+00
4.500000000000000000e+01,7.166388956910218155e+00
4.600000000000000000e+01,7.075421376539238416e+00
4.700000000000000000e+01,6.983346968591557236e+00
4.800000000000000000e+01,6.890219454572495295e+00
4.900000000000000000e+01,6.796129055878073366e+00
5.000000000000000000e+01,6.701141192458489826e+00
5.100000000000000000e+01,6.605496487611635992e+00
5.200000000000000000e+01,6.509383040993253822e+00
5.300000000000000000e+01,6.412982486324223075e+00
5.400000000000000000e+01,6.316401988555575997e+00
5.500000000000000000e+01,6.219481727822667949e+00
5.600000000000000000e+01,6.122729937003100531e+00
5.700000000000000000e+01,6.026614331031767691e+00
5.800000000000000000e+01,5.931258545932022841e+00
5.900000000000000000e+01,5.837014973957255215e+00
6.000000000000000000e+01,5.744486820638043945e+00
