# LATITUDE, OPTIMUM
0.000000000000000000e+00,9.732242933370697457e+00
1.000000000000000000e+00,9.732093056151400745e+00
2.000000000000000000e+00,9.731266868115630686e+00
3.000000000000000000e+00,9.729264257296700080e+00
4.000000000000000000e+00,9.725874531739018281e+00
5.000000000000000000e+00,9.720996444073197296e+00
6.000000000000000000e+00,9.714605166646878232e+00
7.000000000000000000e+00,9.706747922681410401e+00
8.000000000000000000e+00,9.697574404610792342e+00
9.000000000000000000e+00,9.687440204226385632e+00
1.000000000000000000e+01,9.676508407132343947e+00
1.100000000000000000e+01,9.664577523681506577e+00
1.200000000000000000e+01,9.651451994015079805e+00
1.300000000000000000e+01,9.636995260513952388e+00
1.400000000000000000e+01,9.621128782331069829e+00
1.500000000000000000e+01,9.603836999309812938e+00
1.600000000000000000e+01,9.585196153132983454e+00
1.700000000000000000e+01,9.565450375332837041e+00
1.800000000000000000e+01,9.544689719889589696e+00
1.900000000000000000e+01,9.522752491769274741e+00
2.000000000000000000e+01,9.499489387776760552e+00
2.100000000000000000e+01,9.474793816692537618e+00
2.200000000000000000e+01,9.448597370897173775e+00
2.300000000000000000e+01,9.420919772895741673e+00
2.400000000000000000e+01,9.391894510983432198e+00
2.500000000000000000e+01,9.361665992707427719e+00
2.600000000000000000e+01,9.330114630930470554e+00
2.700000000000000000e+01,9.297087049578756535e+00
2.800000000000000000e+01,9.262479986533735499e+00
2.900000000000000000e+01,9.226237252278467693e+00
3.000000000000000000e+01,9.188381851860881966e+00
3.100000000000000000e+01,9.149060491738147505e+00
3.200000000000000000e+01,9.108244458562527512e+00
3.300000000000000000e+01,9.065803097973137881e+00
3.400000000000000000e+01,9.021628558140630361e+00
3.500000000000000000e+01,8.975641485831724609e+00
3.600000000000000000e+01,8.927842391470507621e+00
3.700000000000000000e+01,8.878301474804271010e+00
3.800000000000000000e+01,8.826977379443498251e+00
3.900000000000000000e+01,8.773730671442553586e+00
4.000000000000000000e+01,8.718432220462668525e+00
4.100000000000000000e+01,8.661125864784382955e+00
4.200000000000000000e+01,8.601833373842845631e+00
4.300000000000000000e+01,8.540382716228871018e+00
4.400000000000000000e+01,8.476747972854861146e+00
4.500000000000000000e+01,8.410870833133097690e+00
4.600000000000000000e+01,8.342669542180349396e+00
4.700000000000000000e+01,8.272115299101226782e+00
4.800000000000000000e+01,8.199111380775105928e+00
4.900000000000000000e+01,8.123589796357872928e+00
5.000000000000000000e+01,8.045437663347307478e+00
5.100000000000000000e+01,7.964739322814367029e+00
5.200000000000000000e+01,7.881496176203516946e+00
5.300000000000000000e+01,7.795703914037565241e+00
5.400000000000000000e+01,7.707294331039729940e+00
5.500000000000000000e+01,7.615845761403375214e+00
5.600000000000000000e+01,7.521732771424038511e+00
5.700000000000000000e+01,7.425251968837562444e+00
5.800000000000000000e+01,7.326350341359312068e+00
5.900000000000000000e+01,7.225267639837313460e+00
6.000000000000000000e+01,7.122632026932639526e+00
