# LATITUDE,BETA,BETA,BETA,DAY,DAY,DAY,OPTIMUM
0.000000000000000000e+00,2.045218692053744292e+01,-2.045243440608197716e+01,-3.608880583220937547e-04,8.099821569424780421e+01,2.432480190691313169e+02,2.837523860939440965e+02,7.554594214566013655e+00
1.000000000000000000e+00,2.131047364049541315e+01,-1.959564156967214288e+01,8.494244732767312067e-01,8.115596530454300250e+01,2.430916072545907980e+02,2.836003960206574561e+02,7.554193030932258246e+00
2.000000000000000000e+00,2.217202155488438819e+01,-1.874110182854336060e+01,1.699717362284030031e+00,8.130034036638468820e+01,2.429391256983466860e+02,2.834499775502266061e+02,7.552905591315449030e+00
3.000000000000000000e+00,2.302933023825640291e+01,-1.789020632154234747e+01,2.546386107787882658e+00,8.145992511377555445e+01,2.427793923347836937e+02,2.832939602936626216e+02,7.550623192813078255e+00
4.000000000000000000e+00,2.388585337334245651e+01,-1.703896586510050426e+01,3.393237486444528273e+00,8.161730181841107878e+01,2.426215533708707426e+02,2.831318800065366759e+02,7.547301879966767046e+00
5.000000000000000000e+00,2.474030910669459971e+01,-1.618912686408515356e+01,4.236332759344677790e+00,8.177888697655806993e+01,2.424600606698658396e+02,2.829684507475724899e+02,7.542920930552461378e+00
6.000000000000000000e+00,2.559548040059556939e+01,-1.533619390602713217e+01,5.082833562359590829e+00,8.193398395545163737e+01,2.423017219557875990e+02,2.828013915028928977e+02,7.537476641875814565e+00
7.000000000000000000e+00,2.644908151472859004e+01,-1.448425664572275195e+01,5.928206871193450134e+00,8.209522467110710409e+01,2.421470588133388162e+02,2.826331384118090568e+02,7.530981973056815271e+00
8.000000000000000000e+00,2.730263318644387738e+01,-1.363248666534052411e+01,6.782304028001818530e+00,8.226562217138075539e+01,2.420046248618612310e+02,2.824823152256752223e+02,7.523471867192714768e+00
9.000000000000000000e+00,2.816249987559551471e+01,-1.277687118973295100e+01,7.619713749896144250e+00,8.240579356595605987e+01,2.418385601236566629e+02,2.823008324358151526e+02,7.515018267550989783e+00
1.000000000000000000e+01,2.902037719447116970e+01,-1.192530901106649033e+01,8.471263324730253785e+00,8.256547761720018741e+01,2.416929788415114331e+02,2.821433523872446472e+02,7.505639376166357124e+00
1.100000000000000000e+01,2.987995615090506618e+01,-1.107578597120690667e+01,9.322671451149586730e+00,8.272424438341496966e+01,2.415456795136370260e+02,2.819973203909900690e+02,7.495268794771387633e+00
1.200000000000000000e+01,3.073699348264791098e+01,-1.022917944831095127e+01,1.016370342003351368e+01,8.288338781565282432e+01,2.413784729668905982e+02,2.818215567035297227e+02,7.483851778819510692e+00
1.300000000000000000e+01,3.159115444348876878e+01,-9.385824561077576789e+00,1.100806537786429473e+01,8.306250876050769705e+01,2.412210045239884835e+02,2.816538566363777818e+02,7.471353063863738875e+00
1.400000000000000000e+01,3.243595981562161512e+01,-8.547112302142382489e+00,1.180494302602686574e+01,8.324659796704486325e+01,2.409705321365966597e+02,2.813968482890008431e+02,7.457753408817607621e+00
1.500000000000000000e+01,3.329779759348124202e+01,-7.695337180039264702e+00,1.268864304726584180e+01,8.339489696937108931e+01,2.408886811997612654e+02,2.812942357381448915e+02,7.443051511814218202e+00
1.600000000000000000e+01,3.415242920478807775e+01,-6.849541280956028544e+00,1.353140750428852712e+01,8.356203966439744590e+01,2.407294909248427075e+02,2.811216798655862021e+02,7.427265484673835516e+00
1.700000000000000000e+01,3.499473636709911517e+01,-6.009882983123040034e+00,1.432731687403220100e+01,8.375073910577332015e+01,2.404769785715785702e+02,2.808641762277212592e+02,7.410436067699259333e+00
1.800000000000000000e+01,3.586027688591816087e+01,-5.164534415322345140e+00,1.520861143509850066e+01,8.390496476662633540e+01,2.403916490719300612e+02,2.807528295618713514e+02,7.392554514332831950e+00
1.900000000000000000e+01,3.670548132781817685e+01,-4.333003762087027866e+00,1.600199823332890148e+01,8.410222837888522918e+01,2.401333163686380487e+02,2.804958505834193261e+02,7.373549884678166855e+00
2.000000000000000000e+01,3.756619033766594384e+01,-3.488476511220887755e+00,1.688093843172477904e+01,8.425356637471486465e+01,2.400462682114611255e+02,2.803751543225669138e+02,7.353371007241882751e+00
2.100000000000000000e+01,3.841097637146192056e+01,-2.664386722291310239e+00,1.767616265053773361e+01,8.446035686812878396e+01,2.397869490706441127e+02,2.801201919592319314e+02,7.331983470311501883e+00
2.200000000000000000e+01,3.925941594653678379e+01,-1.824365257110924565e+00,1.853440278036035238e+01,8.464295094075606585e+01,2.396573924814659051e+02,2.799639096517581152e+02,7.309371010746549935e+00
2.300000000000000000e+01,4.010406757365444719e+01,-1.000389585075833754e+00,1.933168954091321012e+01,8.484344012854732853e+01,2.394066573038162460e+02,2.797063949983076441e+02,7.285536565609608495e+00
2.400000000000000000e+01,4.095228629484633132e+01,-1.599234447130211678e-01,2.018891772419459940e+01,8.501898145476558000e+01,2.392885700330900534e+02,2.795324114399490441e+02,7.260501507677451727e+00
2.500000000000000000e+01,4.179670968883458215e+01,6.596930892934268487e-01,2.098629991806070194e+01,8.522895912033166610e+01,2.390317230090427074e+02,2.792826733917300430e+02,7.234254275172465221e+00
2.600000000000000000e+01,4.264561376303581142e+01,1.493660265106789620e+00,2.185215460006559951e+01,8.541844123091719609e+01,2.389121947075209675e+02,2.791421070424433992e+02,7.206713126332577879e+00
2.700000000000000000e+01,4.348091943709123086e+01,2.311436794955607166e+00,2.264453321730852409e+01,8.563353097186399054e+01,2.386507287930668042e+02,2.788703892316463566e+02,7.177812911667737161e+00
2.800000000000000000e+01,4.431844428197796759e+01,3.133857394002458108e+00,2.347490654914985697e+01,8.584606228094901326e+01,2.384755225361183193e+02,2.786511479690738611e+02,7.147514514142939035e+00
2.900000000000000000e+01,4.515176649155405642e+01,3.948080427992206598e+00,2.426949070629833471e+01,8.606615449269173723e+01,2.382177423028103931e+02,2.783837442221565652e+02,7.115800917364521361e+00
3.000000000000000000e+01,4.598445221622879586e+01,4.763408578870464538e+00,2.506658246545459079e+01,8.628417052676239507e+01,2.379725867240538264e+02,2.781126994395964402e+02,7.082677598827203269e+00
3.100000000000000000e+01,4.682044615957624245e+01,5.589107245619719500e+00,2.591349839545148015e+01,8.649170808285433054e+01,2.378399912673702090e+02,2.779065893970370098e+02,7.048143386095247820e+00
3.200000000000000000e+01,4.764953816665224196e+01,6.404567961192004333e+00,2.670785401579044915e+01,8.672110485220605369e+01,2.375798675984582644e+02,2.776437293336113044e+02,7.012113862063753089e+00
3.300000000000000000e+01,4.847375164842499373e+01,7.216992308310562265e+00,2.750781149212710730e+01,8.696011897986754491e+01,2.373320586183866965e+02,2.773812390338391083e+02,6.974496960114931809e+00
3.400000000000000000e+01,4.929825885943691333e+01,8.035483739491239064e+00,2.834126234554072710e+01,8.719460382108644581e+01,2.371923463995375982e+02,2.771262079932801612e+02,6.935238039049527181e+00
3.500000000000000000e+01,5.012031252192387143e+01,8.853232520521062909e+00,2.913783770465917655e+01,8.742273305473491973e+01,2.369468198775140024e+02,2.768580777050106576e+02,6.894316930627778284e+00
3.600000000000000000e+01,5.093095288090508177e+01,9.678719319244486030e+00,2.994080014829944503e+01,8.766248882055191416e+01,2.367081448342743784e+02,2.765922423685395302e+02,6.851732107434607144e+00
3.700000000000000000e+01,5.175602355352529571e+01,1.050113107401354995e+01,3.078415203698691016e+01,8.789222715530731023e+01,2.365938571533509389e+02,2.763457723166275173e+02,6.807428137025463677e+00
3.800000000000000000e+01,5.257304311534539210e+01,1.132833865139441798e+01,3.161698029225696160e+01,8.812888772457669972e+01,2.364241696076561254e+02,2.761298022437434270e+02,6.761277454894814909e+00
3.900000000000000000e+01,5.337904417684550396e+01,1.214042844451330438e+01,3.240627219744143872e+01,8.837474491266041809e+01,2.361463229153632994e+02,2.758499664103298983e+02,6.713198708779034796e+00
4.000000000000000000e+01,5.417883916665307709e+01,1.295820405993360858e+01,3.319807434416193104e+01,8.863226470889551933e+01,2.358868991100254959e+02,2.755637408204931376e+02,6.663159084357368478e+00
4.100000000000000000e+01,5.496451607653640536e+01,1.376975022362059775e+01,3.397370982957906449e+01,8.891217224558964460e+01,2.356742162968929222e+02,2.751553157085549515e+02,6.611140921304941465e+00
4.200000000000000000e+01,5.575229046691705292e+01,1.459535895642729741e+01,3.474357177271365060e+01,8.914868445454231960e+01,2.354391607617088198e+02,2.747553609130213772e+02,6.557035109111308380e+00
4.300000000000000000e+01,5.652919830657732092e+01,1.541285488922143365e+01,3.553009240444425387e+01,8.943506423324404864e+01,2.352128270531688088e+02,2.744052616565386984e+02,6.500697089141324270e+00
4.400000000000000000e+01,5.730838830732904654e+01,1.623534038738737806e+01,3.635536445664309468e+01,8.973062312370275606e+01,2.350370922022375453e+02,2.741692210809356425e+02,6.442060273992935571e+00
4.500000000000000000e+01,5.807142684190258564e+01,1.704414318930356131e+01,3.711131938155176613e+01,9.001500929054790845e+01,2.347354294006220528e+02,2.737810752825890859e+02,6.381099376128108958e+00
4.600000000000000000e+01,5.881940310765700275e+01,1.786177568532432858e+01,3.784452317818565348e+01,9.030087015365973002e+01,2.344462398837339094e+02,2.732895241683668814e+02,6.317683539221456535e+00
4.700000000000000000e+01,5.956411274678307421e+01,1.868083398089730807e+01,3.864742034785420799e+01,9.063830548538814469e+01,2.342442114359369043e+02,2.729849667537288838e+02,6.251642852752321566e+00
4.800000000000000000e+01,6.028888891688589524e+01,1.948923134201706731e+01,3.940546515237851821e+01,9.096809725499366550e+01,2.340304275675960071e+02,2.725167612001248472e+02,6.182932657021309453e+00
4.900000000000000000e+01,6.097345557096492286e+01,2.018934486591650312e+01,4.005247533896775280e+01,9.142309666548476343e+01,2.335062223875716256e+02,2.719328460156905294e+02,6.111471168027916789e+00
5.000000000000000000e+01,6.166720391860744144e+01,2.097665035734247851e+01,4.080986124174150120e+01,9.180650541236737183e+01,2.332701233095641840e+02,2.714802528564497948e+02,6.037055801904121388e+00
5.100000000000000000e+01,6.232478473997235824e+01,2.173023075917216573e+01,4.143882684018525708e+01,9.222749180442056627e+01,2.327564215230491129e+02,2.708264507610100509e+02,5.959602680738504965e+00
5.200000000000000000e+01,6.296117774156090974e+01,2.249409621294933359e+01,4.213666567998287604e+01,9.270810608498271677e+01,2.324367428100319444e+02,2.702263983722222065e+02,5.879026506044533917e+00
5.300000000000000000e+01,6.356287323976940229e+01,2.323774691444320695e+01,4.278272980333022701e+01,9.323031182475077117e+01,2.320129184274739202e+02,2.695425386174447340e+02,5.795110237501552852e+00
5.400000000000000000e+01,6.413572129429971369e+01,2.399660592394718606e+01,4.343446626735436666e+01,9.376304724246770661e+01,2.316646243663673204e+02,2.687958118616190859e+02,5.707826564649092660e+00
5.500000000000000000e+01,6.467480063583580829e+01,2.477369557172746539e+01,4.405876332461811984e+01,9.430871836870626623e+01,2.312799136690570094e+02,2.679894227907165032e+02,5.616993848199944850e+00
5.600000000000000000e+01,6.514768297947198050e+01,2.548658448263732623e+01,4.454578186632589620e+01,9.494044789394777695e+01,2.305923692623229329e+02,2.669683245712996040e+02,5.522551999233517250e+00
5.700000000000000000e+01,6.558732403899983865e+01,2.621824245278442334e+01,4.506630330370030890e+01,9.554728590445418490e+01,2.301014049889290050e+02,2.658949989888822643e+02,5.424415703087385410e+00
5.800000000000000000e+01,6.600322685007624557e+01,2.694985141176068311e+01,4.553083336802184533e+01,9.603927128334817098e+01,2.294967956067511921e+02,2.647999496711028087e+02,5.322634375457986344e+00
5.900000000000000000e+01,6.643620245187220519e+01,2.771646884593963733e+01,4.648578632859531723e+01,9.679373827123518481e+01,2.294269862198217993e+02,2.649752043323075554e+02,5.217269251463508617e+00
6.000000000000000000e+01,6.661527455736595016e+01,2.836942897287896770e+01,4.670099766953442355e+01,9.776150912086362155e+01,2.284697913251705756e+02,2.633381428087448057e+02,5.108465382090416895e+00
