# LATITUDE,BETA,DAY,OPTIMUM
0.000000000000000000e+00,-6.006371924477456157e-11,8.099999999993993072e+01,7.155793358603521170e+00
1.000000000000000000e+00,8.269960127710292985e-01,8.100008178361211719e+01,7.155367152047552359e+00
2.000000000000000000e+00,1.652968030225365981e+00,8.100016360357517442e+01,7.154047996296775125e+00
4.000000000000000000e+00,3.300456832077167668e+00,8.100024729592854555e+01,7.148548393275161672e+00
6.000000000000000000e+00,4.944994465218124802e+00,8.100020721351158670e+01,7.139140777106532276e+00
8.000000000000000000e+00,6.590276203669090727e+00,8.100012487969341635e+01,7.125846077303900294e+00
1.000000000000000000e+01,8.239343027968674349e+00,8.100004199113642755e+01,7.108834292004652333e+00
1.200000000000000000e+01,9.889007913318637932e+00,8.100002020446054019e+01,7.088003138831988181e+00
1.400000000000000000e+01,1.153668562648465290e+01,8.100033629771954224e+01,7.063133760349769474e+00
1.600000000000000000e+01,1.318305051840618525e+01,8.100079319298419023e+01,7.034163690880537168e+00
1.800000000000000000e+01,1.482902893517633380e+01,8.100087868064824193e+01,7.001170153917631644e+00
2.000000000000000000e+01,1.647177595716642529e+01,8.100093287231844386e+01,6.963962470994771614e+00
2.200000000000000000e+01,1.810866543652229410e+01,8.100106476267848166e+01,6.922286218652717871e+00
2.400000000000000000e+01,1.974037622423279004e+01,8.100105155286243530e+01,6.876071133425247339e+00
2.600000000000000000e+01,2.136634912152113586e+01,8.135079800149767948e+01,6.825256134647220918e+00
2.800000000000000000e+01,2.298254675770184718e+01,8.135090716408359413e+01,6.769467115486219377e+00
3.000000000000000000e+01,2.458800812752000908e+01,8.135134988445351212e+01,6.708488191712078219e+00
3.200000000000000000e+01,2.618243242883741928e+01,8.135159949468673801e+01,6.642207372398758913e+00
3.400000000000000000e+01,2.776107258749884821e+01,8.135087619855779906e+01,6.570163778037060531e+00
3.600000000000000000e+01,2.922353707716420246e+01,8.135133746935882471e+01,6.492113272767753962e+00
3.800000000000000000e+01,3.072908025161244794e+01,8.135210182564524928e+01,6.407755924405623027e+00
4.000000000000000000e+01,3.220962182068684854e+01,8.135146443622959112e+01,6.316491000020588942e+00
4.200000000000000000e+01,3.367623166755007702e+01,8.135322165460620170e+01,6.217986122061154752e+00
4.400000000000000000e+01,3.510755856210283810e+01,8.135512275918038938e+01,6.111544029796706745e+00
4.600000000000000000e+01,3.649906018428103494e+01,8.135643332735942579e+01,5.996675490425186439e+00
4.800000000000000000e+01,3.784141146528844502e+01,8.135582923265026523e+01,5.872582674170977235e+00
5.000000000000000000e+01,3.912647747351695671e+01,8.135399353887633822e+01,5.738610509178942110e+00
5.200000000000000000e+01,4.034601118075406134e+01,8.003654085599265500e+01,5.593940650691774152e+00
5.400000000000000000e+01,4.147786213087191243e+01,8.003676444213786567e+01,5.437762063421243575e+00
5.600000000000000000e+01,4.251637629654353390e+01,8.003732973036167664e+01,5.269412442826420850e+00
5.800000000000000000e+01,4.332819639845509130e+01,8.003764269640348061e+01,5.088549520433129913e+00
6.000000000000000000e+01,4.398650989630669272e+01,8.003774970282809420e+01,4.895807164128204825e+00
