# LATITUDE,BETA,DAY,OPTIMUM
0.000000000000000000e+00,-6.006371924477456157e-11,8.099999999993993072e+01,7.155793358603521170e+00
1.000000000000000000e+00,8.269960127710292985e-01,8.100008178361211719e+01,7.155367152047552359e+00
2.000000000000000000e+00,1.652968030225365981e+00,8.100016360357517442e+01,7.154047996296775125e+00
3.000000000000000000e+00,2.477285570536481352e+00,8.100028563437483342e+01,7.151782496071930950e+00
4.000000000000000000e+00,3.300439067248745584e+00,8.100040775488972145e+01,7.148548393275540036e+00
5.000000000000000000e+00,4.122891110314395924e+00,8.100047066404623308e+01,7.144335137600895891e+00
6.000000000000000000e+00,4.945047156340434569e+00,8.100038849769197213e+01,7.139140777108441860e+00
7.000000000000000000e+00,5.767376097826951487e+00,8.100047098792637712e+01,7.132971880901775918e+00
8.000000000000000000e+00,6.590408755710148725e+00,8.100034714617842724e+01,7.125846077308794158e+00
9.000000000000000000e+00,7.414411041366622435e+00,8.100012053762716846e+01,7.117798468083742058e+00
1.000000000000000000e+01,8.239366570299223369e+00,8.100016050999498418e+01,7.108834292005199451e+00
1.100000000000000000e+01,9.064356973516584759e+00,8.100033898966401580e+01,7.098913539454565935e+00
1.200000000000000000e+01,9.889055386853014440e+00,8.100025562779879351e+01,7.088003138831933114e+00
1.300000000000000000e+01,1.071313241552822682e+01,8.100038323468523060e+01,7.076080920311397904e+00
1.400000000000000000e+01,1.153675617344924653e+01,8.100029927706269461e+01,7.063133760351954393e+00
1.500000000000000000e+01,1.235995471406419810e+01,8.100023226919526564e+01,7.049158520844867937e+00
1.600000000000000000e+01,1.318308377453223912e+01,8.100029449998940834e+01,7.034163690876150454e+00
1.700000000000000000e+01,1.400614559972834172e+01,8.100035662313648288e+01,7.018170969068473930e+00
1.800000000000000000e+01,1.482902620251185510e+01,8.100031038484209489e+01,7.001170153924072714e+00
1.900000000000000000e+01,1.565104578132369539e+01,8.100022447137001791e+01,6.983113091696033337e+00
2.000000000000000000e+01,1.647175861548068454e+01,8.100014653879715354e+01,6.963962471010062494e+00
2.100000000000000000e+01,1.729094111271892231e+01,8.100001163346513522e+01,6.943691931309365906e+00
2.200000000000000000e+01,1.810866009065377469e+01,8.100015200783167302e+01,6.922286218649143841e+00
2.300000000000000000e+01,1.892510031367545054e+01,8.100017581446175541e+01,6.899742547256753511e+00
2.400000000000000000e+01,1.974035804119465354e+01,8.100001063358088516e+01,6.876071133432176907e+00
2.500000000000000000e+01,2.055446367390754858e+01,8.100022744931212060e+01,6.851262104699319622e+00
2.600000000000000000e+01,2.136640187285510706e+01,8.100044539036555591e+01,6.825256089726265962e+00
2.700000000000000000e+01,2.217561600397601040e+01,8.100125362276361329e+01,6.798002706089014247e+00
2.800000000000000000e+01,2.298247204662416010e+01,8.100117872532031527e+01,6.769467157526922740e+00
2.900000000000000000e+01,2.378657349443466273e+01,8.100140063174679028e+01,6.739630269373347637e+00
3.000000000000000000e+01,2.458808037343264274e+01,8.100173331394086063e+01,6.708488153360608663e+00
3.100000000000000000e+01,2.538678304355991600e+01,8.100198687671101538e+01,6.676034989056953250e+00
3.200000000000000000e+01,2.618248924160218394e+01,8.100250539701453079e+01,6.642207286288562607e+00
3.300000000000000000e+01,2.697397071160088444e+01,8.100248759392547981e+01,6.606932704709932658e+00
3.400000000000000000e+01,2.776324909701640209e+01,8.009891342605700970e+01,6.570164011602835252e+00
3.500000000000000000e+01,2.847045750460303992e+01,8.009905499833240583e+01,6.531894777724101431e+00
3.600000000000000000e+01,2.923107684512820015e+01,8.009886534276104442e+01,6.492113057917003438e+00
3.700000000000000000e+01,2.997202459067477420e+01,8.009896279976204880e+01,6.450766875607160777e+00
3.800000000000000000e+01,3.072202255750711331e+01,8.009877962277529662e+01,6.407755434768243497e+00
3.900000000000000000e+01,3.147959387099334805e+01,8.009877112099901808e+01,6.363008733794948135e+00
4.000000000000000000e+01,3.221633039409478982e+01,8.009842280877128928e+01,6.316492364650173386e+00
4.100000000000000000e+01,3.294681648469273938e+01,8.009844156675596594e+01,6.268180991573097494e+00
4.200000000000000000e+01,3.368261247270540082e+01,8.009849089164222846e+01,6.217984419920424166e+00
4.300000000000000000e+01,3.439663850229609920e+01,8.009837869545614808e+01,6.165793178541111530e+00
4.400000000000000000e+01,3.510162810755881679e+01,8.009842595178257341e+01,6.111543081478508554e+00
4.500000000000000000e+01,3.580870958958290373e+01,8.009839798469214145e+01,6.055208098980342513e+00
4.600000000000000000e+01,3.649349628269971646e+01,8.009831008008669073e+01,5.996674185184475370e+00
4.700000000000000000e+01,3.717670546059533621e+01,8.009801433254075675e+01,5.935816916406581711e+00
4.800000000000000000e+01,3.784679304297464597e+01,8.009785506227713370e+01,5.872581086878106760e+00
4.900000000000000000e+01,3.849207019181718437e+01,8.009775761979260267e+01,5.806901872859150160e+00
5.000000000000000000e+01,3.913155183149239491e+01,8.009752983110912794e+01,5.738612463577450917e+00
5.100000000000000000e+01,3.974377083189453685e+01,8.009708995103166274e+01,5.667652316314835126e+00
5.200000000000000000e+01,4.034644313699767793e+01,8.009668001338064869e+01,5.593940655777838167e+00
5.300000000000000000e+01,4.092791703696278205e+01,8.009682634881370689e+01,5.517314345982355483e+00
5.400000000000000000e+01,4.147784616876315766e+01,8.009666530504739512e+01,5.437762067334023897e+00
5.500000000000000000e+01,4.201080116966652866e+01,8.009681242984093785e+01,5.355136090622687917e+00
5.600000000000000000e+01,4.251630733346141966e+01,8.009639517220202265e+01,5.269412445919867238e+00
5.700000000000000000e+01,4.298390596400997765e+01,8.009659597294869116e+01,5.180531088894462677e+00
5.800000000000000000e+01,4.332841344472007705e+01,8.009651750619914878e+01,5.088549521159024813e+00
5.900000000000000000e+01,4.367866133789193839e+01,8.009667763751157565e+01,4.993580481309718877e+00
6.000000000000000000e+01,4.398659067723585991e+01,8.009672103433254620e+01,4.895807165588707655e+00
