# LATITUDE,BETA,BETA,DAY,DAY,OPTIMUM
0.000000000000000000e+00,1.878915350650668614e+01,-1.878914029719624068e+01,8.100054647522129869e+01,2.635002353796866714e+02,7.533335867832400723e+00
1.000000000000000000e+00,1.964107097031218885e+01,-1.793926500159976811e+01,8.117823771675207922e+01,2.633225923267049779e+02,7.532932056507228857e+00
2.000000000000000000e+00,2.050316821107658072e+01,-1.708023243538292135e+01,8.130687750803512870e+01,2.631924252780278266e+02,7.531640159666150858e+00
3.000000000000000000e+00,2.135495941322546187e+01,-1.623534051702572611e+01,8.148582155171190777e+01,2.630134814886455956e+02,7.529355468566842902e+00
4.000000000000000000e+00,2.220572965420764433e+01,-1.538903972241402229e+01,8.166161996715462124e+01,2.628370476744160555e+02,7.526035629996309595e+00
5.000000000000000000e+00,2.306544137794505289e+01,-1.453577653500158817e+01,8.180166326112617980e+01,2.626969035038695210e+02,7.521660763524522508e+00
6.000000000000000000e+00,2.391193350698022968e+01,-1.368853943571614806e+01,8.197992196958180955e+01,2.625196777861920054e+02,7.516227060175737051e+00
7.000000000000000000e+00,2.476812394503820514e+01,-1.283257849220456670e+01,8.211988624665687553e+01,2.623787306012915792e+02,7.509747126173720311e+00
8.000000000000000000e+00,2.561764077211635993e+01,-1.198537660955689610e+01,8.229921107986093887e+01,2.621996281633015542e+02,7.502254378274614943e+00
9.000000000000000000e+00,2.646882178216981885e+01,-1.113725092941087169e+01,8.247558815729442472e+01,2.620235850417755046e+02,7.493817286685613865e+00
1.000000000000000000e+01,2.733126462415221525e+01,-1.028084476347514631e+01,8.260507818485747578e+01,2.618962673318897032e+02,7.484452713715889161e+00
1.100000000000000000e+01,2.818262132525422103e+01,-9.436851333012356235e+00,8.278429156927028032e+01,2.617161853357771406e+02,7.474095952491853545e+00
1.200000000000000000e+01,2.904318828081656889e+01,-8.591044832224952188e+00,8.292730991035442401e+01,2.615700317570036759e+02,7.462694220539154877e+00
1.300000000000000000e+01,2.988999897969532071e+01,-7.745326070631984194e+00,8.311018710845269197e+01,2.613879982896763181e+02,7.450213535661863951e+00
1.400000000000000000e+01,3.073882853249558877e+01,-6.903889884345677963e+00,8.329126883595426989e+01,2.612079163101325321e+02,7.436635429603693836e+00
1.500000000000000000e+01,3.158678111381287579e+01,-6.060998406194818777e+00,8.346780167341742640e+01,2.610331637314645263e+02,7.421958390099629099e+00
1.600000000000000000e+01,3.243668643715091804e+01,-5.219044556684411695e+00,8.364748594337464738e+01,2.608535324512511693e+02,7.406200049999890567e+00
1.700000000000000000e+01,3.329244529713460565e+01,-4.371834322470451006e+00,8.380348118968511528e+01,2.606975597243485936e+02,7.389398872269837604e+00
1.800000000000000000e+01,3.414012971300218879e+01,-3.533118095277463233e+00,8.398593621525175479e+01,2.605152179786564375e+02,7.371544058414163381e+00
1.900000000000000000e+01,3.498836442577478323e+01,-2.695599829239825773e+00,8.416839754288839970e+01,2.603327537640162177e+02,7.352567028554360284e+00
2.000000000000000000e+01,3.583580518903330869e+01,-1.859654974725529764e+00,8.435160929537578056e+01,2.601497675719246558e+02,7.332417254166402110e+00
2.100000000000000000e+01,3.668129704822036530e+01,-1.024935736607430758e+00,8.453614881877319931e+01,2.599653415277282420e+02,7.311061850046103316e+00
2.200000000000000000e+01,3.752576392538821182e+01,-1.911658613474179202e-01,8.472220321194384951e+01,2.597788882492088192e+02,7.288484939465300627e+00
2.300000000000000000e+01,3.836910782505594852e+01,6.420345327340394315e-01,8.490972009811306975e+01,2.595906823881662717e+02,7.264689694647070262e+00
2.400000000000000000e+01,3.921208126560207319e+01,1.474451521538904686e+00,8.509946649429657839e+01,2.594010513528058368e+02,7.239695573607335177e+00
2.500000000000000000e+01,4.005426535055708115e+01,2.304728367880214623e+00,8.529128852371610492e+01,2.592090487098435574e+02,7.213489157376828054e+00
2.600000000000000000e+01,4.088482295815885692e+01,3.121354302056294383e+00,8.553574969644172654e+01,2.589632636211586032e+02,7.185990065451980158e+00
2.700000000000000000e+01,4.172333648098523184e+01,3.950788508291998014e+00,8.572422830457324494e+01,2.587747852808710149e+02,7.157134738955038600e+00
2.800000000000000000e+01,4.254953320716174403e+01,4.767995088578548923e+00,8.596264658354866128e+01,2.585366612904282988e+02,7.126885365645914128e+00
2.900000000000000000e+01,4.338687179696995599e+01,5.593888093853035315e+00,8.615413273265288296e+01,2.583458945120963222e+02,7.095225348466358106e+00
3.000000000000000000e+01,4.421062825477054758e+01,6.409825776017927801e+00,8.639911213135199830e+01,2.580998383752351515e+02,7.062160507080239569e+00
3.100000000000000000e+01,4.503307408652317889e+01,7.225370280675187828e+00,8.663572400465064050e+01,2.578695368684951745e+02,7.027689192509043004e+00
3.200000000000000000e+01,4.586528590618151213e+01,8.052284914077777245e+00,8.683334675063592556e+01,2.576696129967978095e+02,6.991728203838940559e+00
3.300000000000000000e+01,4.668100522526982843e+01,8.868380438599110960e+00,8.708296304455761572e+01,2.574138445007485529e+02,6.954187706135617653e+00
3.400000000000000000e+01,4.749148154757857299e+01,9.676165003204088677e+00,8.733807360513247886e+01,2.571646063495902581e+02,6.915015300993633041e+00
3.500000000000000000e+01,4.831576928572884100e+01,1.050702736621017053e+01,8.753736652482740510e+01,2.569639533086386791e+02,6.874188153442474025e+00
3.600000000000000000e+01,4.912181932321539080e+01,1.132471544316928380e+01,8.779892476115880129e+01,2.566994525680315746e+02,6.831704888472002857e+00
3.700000000000000000e+01,4.993110800603420785e+01,1.214828006601699606e+01,8.803300892940130495e+01,2.564673623371597273e+02,6.787509412260502195e+00
3.800000000000000000e+01,5.072849997542199674e+01,1.295459319615983595e+01,8.829802414672059285e+01,2.562006331857298278e+02,6.741479966317855066e+00
3.900000000000000000e+01,5.152097296945861160e+01,1.376773431059877595e+01,8.857309461715792054e+01,2.559282983163342635e+02,6.693531179977569856e+00
4.000000000000000000e+01,5.231205798126986650e+01,1.458857446307530736e+01,8.883873743894817210e+01,2.556628027099002907e+02,6.643630391341512897e+00
4.100000000000000000e+01,5.309847198195446083e+01,1.541137108414099011e+01,8.909215679578413472e+01,2.554057642299459303e+02,6.591761172801469115e+00
4.200000000000000000e+01,5.386911710530292652e+01,1.620867466286425795e+01,8.940038989337176645e+01,2.550994524710479538e+02,6.537817343575164308e+00
4.300000000000000000e+01,5.464218403668306934e+01,1.702973683952326311e+01,8.967146724055557172e+01,2.548305648630857263e+02,6.481650259812193227e+00
4.400000000000000000e+01,5.540453785439844836e+01,1.784888574907041203e+01,8.995628468722250659e+01,2.545432199750215432e+02,6.423200133800828660e+00
4.500000000000000000e+01,5.615781646622433243e+01,1.866554045195708511e+01,9.025290065212348622e+01,2.542453123801435311e+02,6.362435576964362127e+00
4.600000000000000000e+01,5.688124870979837056e+01,1.944132788236590059e+01,9.063912074726464141e+01,2.538606494866224352e+02,6.299231348625449201e+00
4.700000000000000000e+01,5.760904361493193448e+01,2.025214707893047006e+01,9.096770949420796626e+01,2.535324176130824299e+02,6.233421756620284526e+00
4.800000000000000000e+01,5.831515135587277854e+01,2.106075060072304339e+01,9.132684614418410263e+01,2.531724988717213307e+02,6.164950974586465016e+00
4.900000000000000000e+01,5.901698136801758920e+01,2.186908119094629299e+01,9.167279370708131125e+01,2.528290684169886333e+02,6.093737056107215722e+00
5.000000000000000000e+01,5.969973889315016891e+01,2.264777958599766450e+01,9.205266666685007237e+01,2.524485387425138754e+02,6.019582600982281484e+00
5.100000000000000000e+01,6.036236260330903036e+01,2.344776884055550070e+01,9.243918968648013390e+01,2.520625805012977878e+02,5.942413411431855863e+00
5.200000000000000000e+01,6.098479060093551851e+01,2.422266870133062255e+01,9.291286989487826986e+01,2.515862299381467153e+02,5.862122383521040980e+00
5.300000000000000000e+01,6.159930561714578801e+01,2.501466787466618769e+01,9.334022391776757388e+01,2.511590434234550457e+02,5.778520218609046744e+00
5.400000000000000000e+01,6.215874969829452112e+01,2.576191288626360887e+01,9.389012692287342077e+01,2.506101219042214439e+02,5.691565239625221650e+00
5.500000000000000000e+01,6.270389724147281640e+01,2.653834140343755621e+01,9.439524562146810638e+01,2.501073882602597678e+02,5.601090288065733169e+00
5.600000000000000000e+01,6.314817161006183710e+01,2.715511894118958836e+01,9.515064890494667793e+01,2.493500292106901099e+02,5.507049926199099055e+00
5.700000000000000000e+01,6.356848410680193240e+01,2.783278929331624951e+01,9.586251253369751169e+01,2.486379496467434080e+02,5.409376890234288915e+00
5.800000000000000000e+01,6.394914629140847495e+01,2.853108412673167749e+01,9.656950395334898474e+01,2.479307208440707768e+02,5.308074603845840400e+00
5.900000000000000000e+01,6.422481903379967605e+01,2.916075068827163363e+01,9.747535969075099160e+01,2.470248117666737926e+02,5.203186675207665424e+00
6.000000000000000000e+01,6.446070543290403521e+01,2.982711938971615240e+01,9.833362355333818527e+01,2.461661273487433448e+02,5.094956681836137591e+00
